2459632.521654	0.299067	0.000937
2459632.522975	0.296918	0.000936
2459632.524293	0.294128	0.000923
2459632.52561	0.295252	0.00092
2459632.526928	0.294791	0.000937
2459632.528241	0.292793	0.000938
2459632.529555	0.297194	0.000926
2459632.530872	0.296725	0.000925
2459632.532222	0.296813	0.000944
2459632.533575	0.301668	0.000941
2459632.534898	0.300459	0.000944
2459632.536232	0.301328	0.000937
2459632.537546	0.300938	0.000942
2459632.53886	0.30018		0.000947
2459632.540178	0.300167	0.000956
2459632.541508	0.3015		0.00096
2459632.542829	0.29911		0.000966
2459632.544156	0.300032	0.00096
2459632.545501	0.301747	0.000956
2459632.546829	0.299917	0.000955
2459632.548184	0.300297	0.000976
2459632.549542	0.301315	0.001121
2459632.550878	0.297805	0.001403
2459632.552203	0.297599	0.001426
2459632.553547	0.295424	0.001501
2459632.554877	0.293529	0.001199
2459632.556207	0.289407	0.001615
2459632.557521	0.291242	0.001629
2459632.558834	0.288959	0.001468
2459632.560154	0.288107	0.001178
2459632.561476	0.290715	0.00107
2459632.562802	0.293229	0.001026
2459632.564157	0.297766	0.001029
2459632.56552	0.302079	0.000987
2459632.566842	0.306889	0.001044
2459632.56817	0.30922		0.001004
2459632.569493	0.316201	0.001012
2459632.570803	0.318895	0.001014
2459632.572145	0.318427	0.001004
2459632.573468	0.31952		0.001052
2459632.574786	0.31774		0.001
2459632.576109	0.317337	0.001012
2459632.577425	0.315381	0.001029
2459632.578756	0.310482	0.001019
2459632.580119	0.310347	0.001096
2459632.581459	0.301645	0.001374
2459632.582779	0.303694	0.001077
2459632.584104	0.301598	0.001021
2459632.585426	0.296924	0.00102
2459632.586742	0.29309		0.00104
2459632.588066	0.291628	0.000988
2459632.589381	0.289576	0.000995
2459632.590702	0.287792	0.000994
2459632.592015	0.291284	0.000989
2459632.593348	0.28956		0.000997
2459632.594708	0.287838	0.001005
2459632.59606	0.290401	0.001086
2459632.597388	0.287012	0.001094
2459632.598712	0.288514	0.001292
2459632.600035	0.290686	0.001052
2459632.601338	0.291326	0.00124
2459632.602651	0.293786	0.001225
2459632.603964	0.293425	0.001334
2459632.605287	0.292556	0.001248
2459632.606602	0.293516	0.001088
2459632.607942	0.292472	0.001021
2459632.609295	0.292663	0.001111
2459632.610629	0.292074	0.001072
2459632.611948	0.292028	0.001069
2459632.61327	0.291124	0.001104
2459632.614592	0.295258	0.001332
2459632.615915	0.291713	0.001407
2459632.617235	0.294505	0.001379
2459632.618546	0.292187	0.001762
2459632.619859	0.298954	0.001831
2459632.621175	0.293701	0.00216
2459632.622511	0.294415	0.001702
2459632.623865	0.291919	0.001338
2459632.625197	0.295521	0.001571
2459632.626542	0.293634	0.001519
2459632.627872	0.291354	0.00217
2459632.629194	0.287787	0.002032
2459632.630534	0.289818	0.001737
2459632.631854	0.295832	0.002108
2459632.633173	0.301228	0.001307
2459632.634497	0.305646	0.001128
2459632.635829	0.303947	0.001301
2459632.637149	0.300326	0.001556
2459632.638488	0.298337	0.001516
2459632.63984	0.293228	0.001712
2459632.641172	0.295638	0.00191
2459632.642491	0.294206	0.001783
2459632.643817	0.298359	0.001722
2459632.645139	0.292915	0.001674
2459632.646453	0.296235	0.001634
2459632.647764	0.295005	0.001439
2459632.649075	0.298668	0.001709
2459632.650395	0.294309	0.001927
2459632.65172	0.295162	0.001622
2459632.653071	0.298368	0.001257
2459632.654444	0.298016	0.001417
2459632.655803	0.297177	0.001474
2459632.657151	0.296359	0.001399
2459632.658476	0.298884	0.001299
2459632.659824	0.30008		0.001465
2459632.661131	0.292887	0.001582
2459632.662454	0.290511	0.001562
2459632.663773	0.293942	0.001798
2459632.665073	0.291767	0.001693
2459632.666388	0.295991	0.001276
2459632.667704	0.295921	0.001339
2459632.66903	0.295502	0.001447
2459632.67038	0.299659	0.001628
2459632.671729	0.302786	0.001562
2459632.673043	0.312795	0.001753
2459632.67436	0.310724	0.001556
2459632.675681	0.31889		0.002107
2459632.676995	0.318429	0.003085
2459632.678323	0.321192	0.002244
2459632.679645	0.325157	0.002025
2459632.680963	0.318413	0.004153
2459632.682286	0.324061	0.003092
2459632.683624	0.324315	0.002925
2459632.684979	0.320599	0.002318
2459632.686344	0.314212	0.003415
2459632.687691	0.327718	0.004282
2459636.583262	0.094002	0.000649
2459636.583943	0.094092	0.000649
2459636.584625	0.093393	0.000645
2459636.585325	0.093532	0.000646
2459636.586004	0.094007	0.00064
2459636.586672	0.092674	0.000636
2459636.58734	0.092762	0.000642
2459636.588007	0.093254	0.000641
2459636.588677	0.093359	0.000637
2459636.589347	0.092859	0.000634
2459636.590014	0.092187	0.00063
2459636.59069	0.092532	0.000634
2459636.591393	0.0923		0.000634
2459636.592098	0.0928		0.000634
2459636.592773	0.093041	0.00063
2459636.593446	0.092164	0.000623
2459636.594119	0.092539	0.000627
2459636.594795	0.093337	0.000632
2459636.595465	0.091807	0.000626
2459636.596134	0.093301	0.000625
2459636.596804	0.092918	0.000624
2459636.59747	0.092937	0.000622
2459636.598138	0.092261	0.000618
2459636.598805	0.094846	0.000623
2459636.599485	0.094394	0.000622
2459636.600153	0.095876	0.000621
2459636.600819	0.095593	0.000618
2459636.601519	0.094916	0.000617
2459636.602185	0.097476	0.000619
2459636.602852	0.09791		0.000615
2459636.603531	0.099117	0.000614
2459636.604196	0.101238	0.000616
2459636.604873	0.099842	0.000614
2459636.605539	0.100045	0.000617
2459636.606205	0.100425	0.000615
2459636.606902	0.100766	0.000616
2459636.607569	0.101982	0.000615
2459636.608236	0.101815	0.000611
2459636.608933	0.101434	0.000613
2459636.6096	0.101887	0.000613
2459636.610297	0.101572	0.000616
2459636.610963	0.102631	0.000618
2459636.611628	0.101822	0.000618
2459636.612294	0.101259	0.000613
2459636.612974	0.101025	0.000612
2459636.613671	0.102456	0.000618
2459636.614342	0.100545	0.000614
2459636.615014	0.101712	0.000618
2459636.615686	0.100501	0.000612
2459636.616361	0.100232	0.000611
2459636.617075	0.098958	0.000607
2459636.617779	0.098972	0.000604
2459636.618482	0.100798	0.000608
2459636.619186	0.098842	0.000606
2459636.619889	0.098586	0.000606
2459636.620556	0.097624	0.000605
2459636.621262	0.096704	0.000605
2459636.621935	0.096361	0.000605
2459636.622607	0.096792	0.000608
2459636.623281	0.095351	0.000607
2459636.623948	0.095414	0.000608
2459636.624617	0.095265	0.000615
2459636.625285	0.095691	0.000607
2459636.625951	0.09586		0.000605
2459636.626615	0.096675	0.000607
2459636.627282	0.095812	0.000604
2459636.627961	0.096535	0.000604
2459636.628626	0.095941	0.000602
2459636.629291	0.097958	0.000605
2459636.629957	0.096339	0.000604
2459636.630622	0.095605	0.000604
2459636.631317	0.095628	0.0006
2459636.631983	0.096419	0.000598
2459636.632679	0.095617	0.0006
2459636.633388	0.097082	0.000601
2459636.634056	0.095676	0.000602
2459636.634751	0.098559	0.000606
2459636.635415	0.098548	0.000602
2459636.636111	0.09731		0.000599
2459636.636778	0.097767	0.0006
2459636.637443	0.097315	0.000597
2459636.63811	0.097811	0.000605
2459636.638806	0.098546	0.000606
2459636.639472	0.097404	0.000605
2459636.640138	0.098782	0.000604
2459636.640804	0.097169	0.000598
2459636.6415	0.098078	0.000598
2459636.642166	0.097496	0.000602
2459636.642831	0.097729	0.000602
2459636.643497	0.098386	0.000603
2459636.644184	0.098165	0.000601
2459636.644859	0.098477	0.000603
2459636.64556	0.098153	0.000598
2459636.646233	0.097653	0.000598
2459636.646905	0.098381	0.000596
2459636.647576	0.099075	0.000601
2459636.648259	0.098866	0.0006
2459636.64894	0.100071	0.000599
2459636.649609	0.099646	0.000599
2459636.650275	0.100595	0.000601
2459636.650941	0.099066	0.0006
2459636.651607	0.098633	0.000596
2459636.652273	0.098091	0.00059
2459636.652969	0.099254	0.000595
2459636.653667	0.098738	0.000593
2459636.654334	0.09732		0.000589
2459636.655		0.09782		0.000592
2459636.655665	0.098399	0.000588
2459636.656362	0.098056	0.00059
2459636.65703	0.097319	0.000586
2459636.657709	0.097682	0.000586
2459636.658377	0.096735	0.000586
2459636.659042	0.097011	0.000586
2459636.659738	0.095954	0.000584
2459636.660435	0.096767	0.000586
2459636.66113	0.095696	0.000583
2459636.661826	0.095445	0.000583
2459636.662504	0.095314	0.000583
2459636.663199	0.093448	0.00058
2459636.663867	0.093965	0.00058
2459636.664533	0.094431	0.000578
2459636.665198	0.095252	0.000582
2459636.665875	0.094545	0.000583
2459636.66657	0.095797	0.000586
2459636.667235	0.094482	0.000585
2459636.667933	0.093688	0.000584
2459636.668629	0.094131	0.000588
2459636.669336	0.095906	0.000594
2459636.670032	0.095547	0.000589
2459636.670709	0.095555	0.000587
2459636.671405	0.095768	0.000588
2459636.672071	0.095646	0.000585
2459636.672736	0.095932	0.000584
2459636.673402	0.095476	0.000582
2459636.674067	0.096313	0.000583
2459636.674762	0.09698		0.000585
2459636.675428	0.096173	0.000583
2459636.677977	0.094873	0.00058
2459636.678644	0.095117	0.000579
2459636.679338	0.095643	0.00058
2459636.680036	0.094131	0.000576
2459636.680732	0.094268	0.000578
2459636.681428	0.093852	0.000578
2459636.682096	0.095114	0.000578
2459636.682793	0.095524	0.000578
2459636.68347	0.09514		0.000578
2459636.684136	0.095562	0.000577
2459636.684802	0.094394	0.000574
2459636.685467	0.094447	0.000575
2459636.686133	0.090689	0.000548
2459636.686801	0.094972	0.000576
2459636.687468	0.095725	0.000577
2459636.688133	0.096471	0.000576
2459636.688799	0.096503	0.000576
2459636.689466	0.096056	0.000573
2459636.690131	0.094567	0.000568
2459636.690796	0.096563	0.000569
2459636.691462	0.095482	0.000566
2459636.692127	0.096077	0.000566
2459636.692831	0.094717	0.000564
2459636.693499	0.094981	0.000569
2459636.694204	0.094807	0.000571
2459636.694899	0.095142	0.000572
2459636.695569	0.095728	0.000579
2459636.696241	0.094351	0.000576
2459636.696915	0.093033	0.000572
2459636.697617	0.093774	0.000569
2459636.698289	0.093833	0.000571
2459636.698963	0.093561	0.000572
2459636.69963	0.093449	0.00057
2459636.700298	0.092523	0.00057
2459636.700996	0.093271	0.000574
2459641.605287	0.250817	0.001016
2459641.606822	0.250523	0.001021
2459641.608353	0.251657	0.001016
2459641.609882	0.245478	0.000994
2459641.611417	0.2454		0.000992
2459641.612945	0.241337	0.000982
2459641.614473	0.239179	0.000976
2459641.616009	0.238274	0.000968
2459641.617543	0.241369	0.000975
2459641.619078	0.239987	0.000968
2459641.620614	0.239607	0.000972
2459641.622161	0.241424	0.000981
2459641.623697	0.241611	0.000972
2459641.62523	0.240807	0.000966
2459641.626767	0.246154	0.00097
2459641.628295	0.246582	0.000969
2459641.629829	0.247682	0.000955
2459641.63138	0.248946	0.000945
2459641.632911	0.250606	0.000951
2459641.63444	0.249375	0.000952
2459641.635975	0.248713	0.000943
2459641.637504	0.248499	0.000947
2459641.639041	0.249104	0.000944
2459641.6406	0.249354	0.000951
2459641.642129	0.24918		0.00095
2459641.643694	0.24981		0.000951
2459641.645236	0.24896		0.000949
2459641.646771	0.247347	0.000944
2459641.648307	0.246822	0.000941
2459641.649835	0.245262	0.001057
2459641.652955	0.241636	0.000939
2459641.654483	0.244981	0.00094
2459641.656011	0.239946	0.000932
2459641.657539	0.240475	0.000933
2459641.661068	0.236979	0.000922
2459641.662601	0.236854	0.000922
2459641.664159	0.239507	0.000936
2459641.665688	0.241151	0.000941
2459641.667217	0.239752	0.000932
2459641.668752	0.240558	0.000934
2459641.670295	0.239359	0.000933
2459641.671828	0.239472	0.00093
2459641.673363	0.240056	0.000934
2459641.674893	0.240915	0.000934
2459641.676428	0.241424	0.000931
2459641.677986	0.241457	0.000924
2459641.679561	0.241574	0.000925
2459641.681096	0.241694	0.00093
2459641.682631	0.24374		0.00094
2459641.684171	0.242373	0.00094
2459641.685706	0.241593	0.000931
2459641.687241	0.238788	0.000926
2459641.688776	0.236841	0.00092
2459641.690313	0.237538	0.000915
2459641.691841	0.237357	0.000913
2459641.693375	0.240333	0.000917
2459641.694923	0.240101	0.000918
2459641.696457	0.243721	0.000914
2459641.698004	0.246214	0.000907
2459641.699539	0.247929	0.000905
2459641.701068	0.253175	0.000912
2459641.702667	0.257021	0.000926
2459641.704206	0.256565	0.000925
2459641.705772	0.260151	0.000931
2459641.707308	0.260174	0.000933
2459641.708841	0.259585	0.000931
2459641.710377	0.258764	0.00093
2459641.711918	0.25971		0.000936
2459641.713446	0.255685	0.000928
2459641.714981	0.25643		0.000941
2459641.716515	0.253116	0.00094
2459641.718051	0.249693	0.000938
2459641.719593	0.247463	0.000942
2459641.721122	0.245847	0.000937
2459641.722656	0.244835	0.000936
2459641.724203	0.243507	0.000935
2459641.725739	0.245702	0.000943
2459641.727268	0.245342	0.000945
2459641.728797	0.242684	0.000946
2459641.730361	0.244246	0.00096
2459641.731896	0.243657	0.000958
2459641.733436	0.24822		0.000977
2459641.734971	0.247016	0.000976
2459641.736499	0.248338	0.000976
2459646.60412	0.139662	0.000624
2459646.605664	0.140985	0.000623
2459646.607205	0.139496	0.000608
2459646.608741	0.138652	0.000602
2459646.610276	0.139155	0.00061
2459646.611841	0.137945	0.000603
2459646.613407	0.13857		0.000607
2459646.614973	0.139703	0.000611
2459646.616508	0.140353	0.000603
2459646.618043	0.13986		0.000611
2459646.619633	0.139918	0.000615
2459646.621171	0.139932	0.000607
2459646.622736	0.141502	0.000614
2459646.624265	0.14138		0.000624
2459646.625806	0.139014	0.000616
2459646.627371	0.140493	0.000619
2459646.628905	0.140488	0.000632
2459646.630473	0.140663	0.000624
2459646.632009	0.139891	0.000626
2459646.633591	0.140956	0.000625
2459646.635125	0.13985		0.000613
2459646.636657	0.139997	0.000616
2459646.638188	0.140094	0.000612
2459646.639743	0.138254	0.00061
2459646.644674	0.130635	0.000592
2459646.646225	0.129502	0.000602
2459646.647755	0.129325	0.0006
2459646.649321	0.128989	0.000595
2459646.650851	0.128713	0.000597
2459646.65238	0.127924	0.00059
2459646.653972	0.129797	0.000595
2459646.655538	0.128182	0.0006
2459646.65709	0.129662	0.000609
2459646.658625	0.127886	0.000606
2459646.660154	0.127722	0.000607
2459646.661717	0.128345	0.000604
2459646.663252	0.12663		0.000602
2459646.664813	0.127936	0.000607
2459646.666351	0.126959	0.000614
2459646.667884	0.129395	0.000617
2459646.66945	0.130409	0.000615
2459646.671026	0.129881	0.000609
2459646.67256	0.130969	0.000616
2459646.674095	0.130783	0.000625
2459646.675623	0.128956	0.000619
2459646.677158	0.128652	0.000622
2459646.678705	0.128432	0.000619
2459646.68024	0.126684	0.000607
2459646.681787	0.126971	0.00061
2459646.683324	0.130336	0.00062
2459646.684883	0.130247	0.000619
2459646.686434	0.130497	0.000616
2459646.688		0.131325	0.000615
2459646.689536	0.134325	0.000621
2459646.6912	0.138072	0.000625
2459646.692735	0.138693	0.000632
2459646.69427	0.142992	0.000635
2459646.695809	0.143339	0.000629
2459646.69735	0.14467		0.000638
2459646.698885	0.145691	0.000647
2459646.700418	0.14415		0.00065
2459646.701972	0.143387	0.000664
2459646.703509	0.142864	0.000669
2459646.705045	0.141131	0.000666
2459646.706582	0.138695	0.000661
2459646.708117	0.139546	0.000669
